0000000000000000000000000000
0000000000000000000000000000
0000000000000000000000000000
0000000000000000000000000000
0000000000999900000000000000
0000000009999999000000000000
0000000009999999000000000000
0000000009999999000000000000
0000000009755779000000000000
0000000009633369000000000000
0000000009633369000000000000
0000000096333690000000000000
0000000096333690000000000000
0000000096333690000000000000
0000000096333690000000000000
0000000096333690000000000000
0000000096333690000000000000
0000000096333690000000000000
0000000096333690000000000000
0000000009633369000000000000
0000000009998999000000000000
0000000009999999000000000000
0000000009999999000000000000
0000000000011100000000000000
0000000000000000000000000000
0000000000000000000000000000
0000000000000000000000000000
0000000000000000000000000000

