0000000000000000000000000000
0000000000000000000000000000
0000000000000000000000000000
0000000000000000000000000000
0000000000000000000000000000
0000000000000111110000000000
0000000000111111111100000000
0000000011111111111110000000
0000000111100000001110000000
0000000111100000001110000000
0000000111100000001110000000
0000000111100000001110000000
0000000111100000001110000000
0000001111000000000111000000
0000001111000000000111000000
0000001111000000000111000000
0000001111000000000111000000
0000011110000000000111000000
0000011110000000001110000000
0000001111000000001110000000
0000001111000000001110000000
0000001111150000001110000000
0000000111115000001110000000
0000000001111111111000000000
0000000000000000000000000000
0000000000000000000000000000
0000000000000000000000000000
0000000000000000000000000000
