0000000000000000000000000000
0000000000000000000000000000
0000000000000000000000000000
0000000000000000000000000000
0000000000000000000000000000
0000000000000000000000000000
0000000000234332000000000000
0000000123455544321000000000
0000001230000000432100000000
0000001230000000432100000000
0000012340000000432100000000
0000012340000000043210000000
0000012340000000043210000000
0000012340000000432100000000
0000012340000000432100000000
0000012340000000043210000000
0000012340000000043210000000
0000012340000000043200000000
0000012340000000432100000000
0000012340000000432100000000
0000001234000004321000000000
0000000123455432100000000000
0000000001234554000000000000
0000000000000000000000000000
0000000000000000000000000000
0000000000000000000000000000
0000000000000000000000000000
0000000000000000000000000000

